17 13
30 31 32 31 32 31 32 31 32 31 32 31 32 31 32 31 29
26 36 36 36 36 36 36 36 36 36 36 36 36 36 36 36 26
26 36 36 36 36 50 51 52 36 75 51 77 36 36 36 36 26
26 36 36 49 54 55 59 36 58 80 59 82 83 78 36 36 26
26 36 36 59 60 61 62 63 84 85 86 87 88 59 36 36 26
26 36 36 64 65 66 67 68 89 90 91 92 93 74 36 36 26
26 36 36 69 70 71 72 73 94 95 96 97 98 79 36 36 26
26 36 36 36 36 36 36 36 36 36 36 36 36 36 36 36 26
26 36 36 36 36 36 36 36 47 36 36 36 36 36 36 36 26
26 36 36 36 36 36 36 36 48 36 36 36 36 36 36 36 26
26 36 36 36 36 36 36 36 36 36 36 36 36 36 36 36 26
26 36 36 36 36 36 36 36 36 36 36 36 36 36 36 36 26
25 31 32 31 32 31 32 31 32 31 32 31 32 31 32 31 24