17 14
36 36 113 112 112 112 113 112 112 112 112 112 113 112 112 112 115
36 36 114 36 36 36 114 36 36 36 36 36 114 36 36 36 116
36 36 114 36 36 36 114 36 36 36 36 36 36 36 36 36 116
36 36 114 36 36 36 114 36 36 36 36 36 114 36 36 36 116
36 36 114 36 36 36 114 36 36 36 36 36 114 36 36 36 116
36 36 114 36 36 36 114 36 36 36 36 36 114 36 36 36 116
36 36 114 36 36 36 114 36 36 36 36 36 114 36 36 36 116
36 36 36 36 36 36 113 36 112 112 112 112 114 36 36 36 116
36 36 113 36 112 112 114 36 36 36 36 36 114 36 36 36 116
36 36 114 36 36 36 36 36 36 36 36 36 114 36 36 36 116
36 36 114 36 36 36 114 36 36 36 36 36 114 36 36 36 116
36 36 114 36 36 36 114 36 36 36 36 36 114 36 36 36 116
36 36 114 36 36 36 114 36 36 36 36 36 114 36 36 36 116
36 36 113 112 112 112 112 112 112 112 112 112 112 112 112 112 115