24 30
0 2 2 2 2 2 2 2 2 2 2 2 2 2 2 2 2 2 0 0 2 2 2 0
2 2 2 2 2 2 2 2 2 2 2 2 2 2 0 2 2 2 2 2 2 2 2 0
2 2 2 2 2 2 2 2 2 2 2 2 2 0 2 2 18 2 2 2 2 2 2 0
2 2 2 2 2 2 2 2 2 2 2 2 2 2 2 2 2 2 2 2 2 2 2 2
2 2 2 2 2 2 2 2 2 2 2 2 2 2 2 2 2 2 2 2 2 2 2 2
0 2 2 2 2 2 2 2 2 2 9 2 2 0 2 2 2 2 2 2 2 2 2 0
2 2 2 2 2 0 2 0 2 2 2 2 0 0 2 2 0 2 2 2 2 2 0 0
2 2 2 2 2 2 2 2 2 2 2 2 0 2 2 2 2 2 2 2 8 8 8 0
2 2 2 2 2 2 2 2 2 2 2 0 2 2 8 2 2 2 2 2 2 8 8 0
0 2 2 2 2 2 2 2 7 0 0 2 2 2 2 2 2 8 0 0 2 7 0 0
2 0 2 2 2 2 2 2 7 0 0 0 2 2 8 8 8 2 2 2 0 7 0 0
2 0 2 2 2 2 2 2 2 2 0 2 2 2 2 2 2 0 2 0 0 0 0 0
2 2 8 2 2 2 2 2 0 2 2 2 2 2 2 2 2 2 2 2 2 2 2 2
2 2 2 2 2 2 0 0 0 0 0 0 0 0 0 2 2 2 2 2 2 2 2 2
0 2 2 2 2 2 0 8 8 8 0 0 0 0 2 2 2 2 2 2 2 2 2 2
0 2 0 0 2 2 0 8 8 8 0 0 2 2 2 2 2 2 2 2 2 2 2 2
0 2 2 2 0 0 0 0 7 0 2 2 2 2 0 2 2 2 2 2 2 2 2 2
0 8 8 8 0 0 0 0 7 2 0 0 2 2 2 2 2 2 2 2 2 2 2 2
0 2 2 8 0 0 0 0 7 2 2 2 0 0 2 2 2 2 2 2 2 2 2 2
2 2 2 2 2 2 2 2 2 0 0 2 2 2 2 2 2 2 2 16 2 2 2 2
0 2 2 2 2 2 0 2 2 2 2 0 2 2 2 2 2 2 2 2 2 2 2 0
2 2 2 2 2 2 2 2 2 2 2 2 2 2 2 2 2 2 2 2 2 2 2 0
2 2 2 2 2 2 2 2 8 8 2 0 2 2 2 2 2 2 2 2 2 2 2 2
2 2 2 2 2 2 2 2 2 2 2 2 2 2 2 2 2 2 2 2 2 2 2 0
2 2 2 2 2 2 2 2 2 2 2 2 2 2 2 2 2 2 2 2 2 2 2 2
2 2 2 2 2 2 2 2 2 2 2 2 2 7 2 2 2 2 2 2 2 2 0 0
2 2 2 2 2 2 2 2 2 2 0 2 2 2 2 2 2 2 2 2 2 2 2 2
2 2 2 2 2 2 2 2 2 2 0 2 2 2 2 2 2 0 2 2 2 2 2 0
2 2 2 2 2 2 2 0 0 2 0 2 2 2 2 2 2 2 2 2 0 0 0 2
2 2 2 2 2 2 2 2 2 2 2 2 2 2 2 2 2 2 2 2 0 2 0 0