24 30
36 30 31 32 31 32 31 32 31 32 31 33 31 32 31 33 31 32 31 32 31 29 36 36
36 26 30 31 36 36 41 37 37 40 36 26 41 37 40 26 41 37 37 37 40 26 36 36
36 26 26 36 36 28 42 30 31 42 31 26 42 28 42 26 42 28 42 28 42 26 36 36
36 26 25 31 32 24 42 26 34 42 36 26 42 26 42 26 42 26 42 26 42 26 36 36
36 26 41 37 37 37 39 26 36 42 36 26 42 26 42 26 42 26 42 26 42 26 36 36
36 26 42 30 31 32 31 27 31 42 30 24 42 26 42 26 34 26 35 26 42 26 36 36
36 26 42 26 41 37 37 37 37 39 26 36 42 26 42 25 33 27 31 24 42 26 36 36
36 26 42 26 42 31 32 31 32 31 24 36 42 26 38 40 25 31 29 41 39 26 36 36
36 26 42 26 38 37 37 37 37 37 37 37 39 26 36 38 40 35 26 42 34 26 36 36
36 26 42 25 31 33 31 32 31 32 31 32 31 27 31 29 42 30 24 42 36 26 36 36
36 26 38 37 40 23 41 37 37 37 37 37 37 37 40 26 42 26 41 39 36 26 36 36
36 26 28 34 38 37 39 35 28 36 30 31 32 31 42 26 42 26 42 30 31 26 36 36
36 26 25 31 33 31 32 31 27 31 26 34 36 36 42 26 42 26 42 26 35 26 36 36
36 26 30 31 24 41 37 37 37 40 25 31 32 31 42 26 42 23 42 26 42 26 36 36
36 26 23 41 37 39 28 42 36 38 37 37 37 37 39 26 38 37 39 26 42 26 36 36
36 26 31 42 31 30 24 42 31 33 31 32 31 32 31 25 31 33 31 24 42 26 36 36
36 26 34 38 40 44 41 39 36 26 36 41 37 37 40 28 42 26 42 36 42 26 36 36
36 26 36 31 42 26 42 31 29 26 31 42 31 29 42 26 42 23 42 28 42 26 36 36
36 26 36 41 39 26 38 40 23 26 36 42 36 26 42 26 38 37 39 26 42 26 36 36
36 26 31 42 31 27 29 38 40 26 31 32 31 24 42 25 31 32 31 24 42 26 36 36
36 26 36 38 37 40 26 35 42 26 35 36 41 37 37 37 37 37 43 37 40 26 36 36
36 26 31 32 31 42 25 29 42 26 36 28 42 36 31 33 31 32 31 29 42 26 36 36
36 26 41 37 37 39 36 26 42 26 36 44 38 37 40 26 35 36 34 26 42 26 36 36
36 26 42 30 31 29 34 26 42 25 31 27 31 29 42 26 42 28 42 26 42 26 36 36
36 23 42 26 42 25 31 24 42 37 37 37 40 26 42 26 42 26 42 26 42 26 36 36
36 37 39 26 38 37 41 37 39 43 42 28 42 26 42 26 42 26 42 26 42 26 36 36
36 30 31 27 31 29 42 30 31 29 42 26 34 26 42 26 42 26 42 26 42 26 36 36
36 26 35 36 31 24 42 23 35 26 42 25 31 24 42 26 42 23 42 23 42 26 36 36
36 26 37 37 37 37 39 36 36 26 38 37 37 37 39 26 38 37 39 37 39 26 36 36
36 25 31 32 31 32 31 32 31 27 31 32 31 32 31 27 31 32 31 32 31 24 36 36